NAME	= FilledDem
DESCRIPTION	= 
UNIT	= 
DATAFORMAT	= FLOAT
DATAFILE_OFFSET	= 0
BYTEORDER_BIG	= FALSE
TOPTOBOTTOM	= FALSE
POSITION_XMIN	= 687820.7375015659490600
POSITION_YMIN	= 9543819.5380117110908031
CELLCOUNT_X	= 468
CELLCOUNT_Y	= 541
CELLSIZE	= 50.0000000000000000
Z_FACTOR	= 1.000000
Z_OFFSET	= 0.000000
NODATA_VALUE	= -99999.000000;-99999.000000
